[gd_scene load_steps=4 format=2]

[ext_resource path="res://addons/qodot/src/nodes/qodot_map.gd" type="Script" id=1]

[sub_resource type="Environment" id=1]
background_mode = 1
ambient_light_color = Color( 1, 1, 1, 1 )

[sub_resource type="SphereShape" id=2]
radius = 0.4

[node name="Node" type="Node"]

[node name="Camera" type="Camera" parent="."]
transform = Transform( 0.672458, -0.530207, 0.516412, 0, 0.697726, 0.716365, -0.740136, -0.481725, 0.469191, 26.9858, 19.8478, 13.808 )

[node name="Lighting" type="Spatial" parent="."]

[node name="WorldEnvironment" type="WorldEnvironment" parent="Lighting"]
environment = SubResource( 1 )

[node name="DirectionalLight" type="DirectionalLight" parent="Lighting"]
transform = Transform( 1, 0.000406638, -0.000344207, -0.000202317, 0.887536, 0.460738, 0.00049285, -0.460738, 0.887536, 5.86312, 7.60461, -0.0372353 )
light_energy = 1.5
light_indirect_energy = 3.0
shadow_enabled = true
directional_shadow_blend_splits = true
directional_shadow_normal_bias = 0.5

[node name="OmniLight" type="OmniLight" parent="Lighting"]
transform = Transform( 1, 0, 0, 0, 1, 0, 0, 0, 1, 13.5724, 7.95841, -11.3745 )
light_energy = 5.0
shadow_enabled = true
omni_range = 12.5

[node name="SpotLight" type="SpotLight" parent="Lighting"]
transform = Transform( 0.569839, -3.59201e-008, 0.821756, -0.821756, -2.49085e-008, 0.569839, 0, -1, -4.37114e-008, 9.8482, 8.44784, -19.9551 )
light_energy = 6.84
spot_range = 12.7271
spot_angle = 18.0385

[node name="ReflectionProbes" type="Spatial" parent="Lighting"]
editor/display_folded = true
visible = false

[node name="ReflectionProbe" type="ReflectionProbe" parent="Lighting/ReflectionProbes"]
transform = Transform( 1, 0, 0, 0, 1, 0, 0, 0, 1, 12.9318, 4.55063, -10.453 )
extents = Vector3( 6.74026, 4.87207, 19.5363 )

[node name="ReflectionProbe2" type="ReflectionProbe" parent="Lighting/ReflectionProbes"]
transform = Transform( 1, 0, 0, 0, 1, 0, 0, 0, 1, 23.9747, 8.85103, -10.3413 )
extents = Vector3( 5.28127, 11.2203, 15.1821 )

[node name="ReflectionProbe3" type="ReflectionProbe" parent="Lighting/ReflectionProbes"]
transform = Transform( 1, 0, 0, 0, 1, 0, 0, 0, 1, -1.27827, 8.85103, -3.87941 )
extents = Vector3( 8.54382, 11.2203, 23.6679 )

[node name="PhysicsBalls" type="Spatial" parent="."]
transform = Transform( 1, 0, 0, 0, 1, 0, 0, 0, 1, 6, 5, 0 )

[node name="RigidBody" type="RigidBody" parent="PhysicsBalls"]
editor/display_folded = true
transform = Transform( 1, 0, 0, 0, 1, 0, 0, 0, 1, 18.542, 10.076, -20.5481 )

[node name="CSGSphere" type="CSGSphere" parent="PhysicsBalls/RigidBody"]
radius = 0.4

[node name="CollisionShape" type="CollisionShape" parent="PhysicsBalls/RigidBody"]
shape = SubResource( 2 )

[node name="RigidBody2" type="RigidBody" parent="PhysicsBalls"]
editor/display_folded = true
transform = Transform( 1, 0, 0, 0, 1, 0, 0, 0, 1, -5.17785, 5.09448, -17.6912 )

[node name="CSGSphere" type="CSGSphere" parent="PhysicsBalls/RigidBody2"]
radius = 0.4

[node name="CollisionShape" type="CollisionShape" parent="PhysicsBalls/RigidBody2"]
shape = SubResource( 2 )

[node name="RigidBody3" type="RigidBody" parent="PhysicsBalls"]
editor/display_folded = true
transform = Transform( 1, 0, 0, 0, 1, 0, 0, 0, 1, -6.89516, 3.52519, 10.4726 )

[node name="CSGSphere" type="CSGSphere" parent="PhysicsBalls/RigidBody3"]
radius = 0.4

[node name="CollisionShape" type="CollisionShape" parent="PhysicsBalls/RigidBody3"]
shape = SubResource( 2 )

[node name="RigidBody4" type="RigidBody" parent="PhysicsBalls"]
editor/display_folded = true
transform = Transform( 1, 0, 0, 0, 1, 0, 0, 0, 1, 10.2006, 9.43578, -10.8288 )

[node name="CSGSphere" type="CSGSphere" parent="PhysicsBalls/RigidBody4"]
radius = 0.4

[node name="CollisionShape" type="CollisionShape" parent="PhysicsBalls/RigidBody4"]
shape = SubResource( 2 )

[node name="QodotMap" type="Spatial" parent="."]
script = ExtResource( 1 )
map_format = 1
map_file = "res://scenes/qodot_example.map"
